a = 100;

b = rand(3,4);
m = [1 2 3;4 5 6;7 8 9];
